EBMParameters: {'activation': 'relu', 'alpha': 0.0001, 'hidden_layer_sizes': (50,), 'learning_rate_init': 0.1, 'solver': 'sgd'}
Accuracy: 0.9946695095948828
RMSE: 0.07301020754057114
F1: 0.9833887043189369
