Neural NetworkParameters: {'activation': 'relu', 'alpha': 0.0001, 'hidden_layer_sizes': (100,), 'learning_rate_init': 0.01, 'solver': 'adam'}
Accuracy: 0.997867803837953
RMSE: 0.04617570965396101
F1: 0.9937888198757764
